
Оптимальное суммарное значение:=     126
Число дуг:=6
Номера вершин=|10<-9<-7<-5<-2<-1|.
Table of way:

        0         0         0         0         0         0         0         0         0         0         0 
        0        28        28        28        28        28        28        28        28        28        28 
        0        12        12        12        12        12        12        12        12        12        12 
        0        12        39        39        39        39        39        39        39        39        39 
        0         0        55        55        55        55        55        55        55        55        55 
        0         0        38        55        55        55        55        55        55        55        55 
        0         0        34        82        82        82        82        82        82        82        82 
        0         0         0        66       100       100       100       100       100       100       100 
        0         0         0        58       106       106       106       106       106       106       106 
        0         0         0        51        99       126       126       126       126       126       126 