
Оптимальное суммарное значение:=      50
Число дуг:=5
Номера вершин=|10<-8<-5<-4<-1|.
Table of way:

        0         0         0         0         0         0         0         0         0         0         0 
        0        28        28        28        28        28        28        28        28        28        28 
        0        12        12        12        12        12        12        12        12        12        12 
        0        12        12        12        12        12        12        12        12        12        12 
        0         0        24        24        24        24        24        24        24        24        24 
        0         0        28        28        28        28        28        28        28        28        28 
        0         0        34        34        34        34        34        34        34        34        34 
        0         0         0        35        35        35        35        35        35        35        35 
        0         0         0        44        44        44        44        44        44        44        44 
        0         0         0        51        50        50        50        50        50        50        50 