 
 
 0.00 28.00 12.00 12.00 0.00 0.00 0.00 0.00 0.00 0.00 
 0.00 0.00 0.00 11.00 27.00 0.00 0.00 0.00 0.00 0.00 
 0.00 0.00 0.00 13.00 0.00 26.00 0.00 0.00 0.00 0.00 
 0.00 0.00 0.00 0.00 12.00 16.00 22.00 0.00 0.00 0.00 
 0.00 0.00 0.00 0.00 0.00 0.00 27.00 11.00 0.00 0.00 
 0.00 0.00 0.00 0.00 0.00 0.00 27.00 0.00 16.00 0.00 
 0.00 0.00 0.00 0.00 0.00 0.00 0.00 18.00 24.00 17.00 
 0.00 0.00 0.00 0.00 0.00 0.00 0.00 0.00 0.00 15.00 
 0.00 0.00 0.00 0.00 0.00 0.00 0.00 0.00 0.00 20.00 
 0.00 0.00 0.00 0.00 0.00 0.00 0.00 0.00 0.00 0.00