 
Way=|14<-13<-9<-6<-2<-1|. 
   0   0   0   0   0   0   0   0   0   0   0   0   0   0   0 
   0   3   3   3   3   3   3   3   3   3   3   3   3   3   3 
   0   5   5   5   5   5   5   5   5   5   5   5   5   5   5 
   0   8   8   8   8   8   8   8   8   8   8   8   8   8   8 
   0   0  11  11  11  11  11  11  11  11  11  11  11  11  11 
   0   0   6   6   6   6   6   6   6   6   6   6   6   6   6 
   0   0  12  12  12  12  12  12  12  12  12  12  12  12  12 
   0   0   7   7   7   7   7   7   7   7   7   7   7   7   7 
   0   0   0  12  12  12  12  12  12  12  12  12  12  12  12 
   0   0   0  16  16  16  16  16  16  16  16  16  16  16  16 
   0   0   0  12  12  12  12  12  12  12  12  12  12  12  12 
   0   0   0   0  14  14  14  14  14  14  14  14  14  14  14 
   0   0   0   0  15  15  15  15  15  15  15  15  15  15  15 
   0   0   0   0   0  23  23  23  23  23  23  23  23  23  23