
Файл Исходных Данных= C:\PROGRAMS\BC\VARL\ZVEREVA\_Mtable.prn 
Тип задачи=max 

Оптимальное суммарное значение:=     100
Число дуг:=7
Номера вершин=|10<-9<-7<-6<-4<-2<-1|.
Table of way:

        0         0         0         0         0         0         0         0         0         0         0 
        0        22        22        22        22        22        22        22        22        22        22 
        0        10        10        10        10        10        10        10        10        10        10 
        0        10        30        30        30        30        30        30        30        30        30 
        0         0        43        43        43        43        43        43        43        43        43 
        0         0        30        44        44        44        44        44        44        44        44 
        0         0        26        61        65        65        65        65        65        65        65 
        0         0         0        52        77        81        81        81        81        81        81 
        0         0         0        44        79        83        83        83        83        83        83 
        0         0         0        40        75        96       100       100       100       100       100 