
Файл Исходных Данных= C:\PROGRAMS\BC\VARL\ZVEREVA\_Mtable.prn 
Тип задачи=min 

Оптимальное суммарное значение:=      40
Число дуг:=4
Номера вершин=|10<-7<-4<-1|.
Table of way:

        0         0         0         0         0         0         0         0         0         0         0 
        0        22        22        22        22        22        22        22        22        22        22 
        0        10        10        10        10        10        10        10        10        10        10 
        0        10        10        10        10        10        10        10        10        10        10 
        0         0        19        19        19        19        19        19        19        19        19 
        0         0        24        24        24        24        24        24        24        24        24 
        0         0        26        26        26        26        26        26        26        26        26 
        0         0         0        28        28        28        28        28        28        28        28 
        0         0         0        37        37        37        37        37        37        37        37 
        0         0         0        40        40        40        40        40        40        40        40 