
Формирование матриц из файлов:
(пропускных способностей)R[i,j] = c:\programs\bc\varl\zvereva\example\net\test4\ex4_2\r4.prn 
(стоимости) C[i,j] = c:\programs\bc\varl\zvereva\example\net\test4\ex4_2\c4.prn 
(интенсивностей)D[i]  = c:\programs\bc\varl\zvereva\example\net\test4\ex4_2\d4.prn 
Тип задачи= max 
РасстановкаПометок (1) , ВыборВершины(3)

Поток НЕ ОПТИМАЛЬНЫЙ , т.к. ~D[i]<>0,i=1..10
Интенсивности:D[i]
       4
      15
      12
      10
       0
       0
       0
       0
       0
       0

 NumberIter(ЧислоИтераций)=500 : Значение Поток{Stream}=    -209

Поток(X[1..10,1..10]):=
        0         0         0         0         0         0        12         0         0         4 
        0         0         0         0         0        15         0         0         0         0 
        0         0         0         0        17         0         0         8         3         0 
        0         0         0         0         0         0         0         0         0         0 
        0         0         0         0         0         0         0         0         0         0 
        0         0         0         0         0         0         0         0         0         0 
        0         0         0         0         0         0         0         0         0         0 
        0         0         0         0         0         0         0         0         0         0 
        0         0         0         0         0         0         0         0         0         0 
        0         0         0         0         0         0         0         0         0         0 