
Stream:
Number Iter=9         Max(Stream)= 21.0000

        0        11         4         0         6         0         0         0         0         0         0         0 
        0         0         0         4         0         0         7         0         0         0         0         0 
        0         0         0         0         3         1         0         0         0         0         0         0 
        0         0         0         0         0         0         4         0         0         0         0         0 
        0         0         0         0         0         0         0         7         0         2         0         0 
        0         0         0         0         0         0         0         1         0         0         0         0 
        0         0         0         0         0         0         0         0         4         7         0         0 
        0         0         0         0         0         0         0         0         0         8         0         0 
        0         0         0         0         0         0         0         0         0         0         0        16 
        0         0         0         0         0         0         0         0        12         0         0         5 
        0         0         0         0         0         0         0         0         0         0         0         0 
        0         0         0         0         0         0         0         0         0         0         0         0 