
Файл Исходных Данных= C:\PROGRAMS\BC\VARL\_Mtable.prn 
Тип задачи=max 

Оптимальное суммарное значение:=     151
Число дуг:=6
Номера вершин=|10<-9<-7<-5<-2<-1|.
Table of way:

        0         0         0         0         0         0         0         0         0         0         0 
        0        33        33        33        33        33        33        33        33        33        33 
        0      13.7      13.7      13.7      13.7      13.7      13.7      13.7      13.7      13.7      13.7 
        0      13.7      46.5      46.5      46.5      46.5      46.5      46.5      46.5      46.5      46.5 
        0         0        65        65        65        65        65        65        65        65        65 
        0         0      44.7      64.2      64.2      64.2      64.2      64.2      64.2      64.2      64.2 
        0         0      40.7      99.5      99.5      99.5      99.5      99.5      99.5      99.5      99.5 
        0         0         0      77.7       119       119       119       119       119       119       119 
        0         0         0      69.7       128       128       128       128       128       128       128 
        0         0         0      60.2       119       151       151       151       151       151       151 