
Файл Исходных Данных= C:\PROGRAMS\ALL\PROJECTS\BC\NET\_Mtable.prn 
Тип задачи=min 

Оптимальное суммарное значение:=    30.8
Число дуг:=4
Номера вершин=|10<-7<-4<-1|.
Table of way:

        0         0         0         0         0         0         0         0         0         0         0 
        0        17        17        17        17        17        17        17        17        17        17 
        0      8.33      8.33      8.33      8.33      8.33      8.33      8.33      8.33      8.33      8.33 
        0      8.33      8.33      8.33      8.33      8.33      8.33      8.33      8.33      8.33      8.33 
        0         0      14.8      14.8      14.8      14.8      14.8      14.8      14.8      14.8      14.8 
        0         0      20.7      20.7      20.7      20.7      20.7      20.7      20.7      20.7      20.7 
        0         0      19.3      19.3      19.3      19.3      19.3      19.3      19.3      19.3      19.3 
        0         0         0      22.2      22.2      22.2      22.2      22.2      22.2      22.2      22.2 
        0         0         0      31.2      31.2      31.2      31.2      31.2      31.2      31.2      31.2 
        0         0         0      30.8      30.8      30.8      30.8      30.8      30.8      30.8      30.8 