
Stream:
Number Iter=8         Max(Stream)= 61.3330

        0      32.7      14.3      14.3         0         0         0         0         0         0 
        0         0         0      14.5      18.2         0         0         0         0         0 
        0         0         0         0         0      14.3         0         0         0         0 
        0         0         0         0         0      4.33      24.5         0         0         0 
        0         0         0         0         0         0      4.83      13.3         0         0 
        0         0         0         0         0         0         0         0      18.7         0 
        0         0         0         0         0         0         0         4      4.83      20.5 
        0         0         0         0         0         0         0         0         0      17.3 
        0         0         0         0         0         0         0         0         0      23.5 
        0         0         0         0         0         0         0         0         0         0 