
Файл Исходных Данных= D:\PROGRAMS\PROJECTS\NET_OW~2\_Mtable.prn 
Тип задачи=max 

Оптимальное суммарное значение:=     421
Число дуг:=6
Номера вершин=|10<-9<-7<-5<-2<-1|.
Table of way:

        0         0         0         0         0         0         0         0         0         0         0 
        0        87        87        87        87        87        87        87        87        87        87 
        0      31.7      31.7      31.7      31.7      31.7      31.7      31.7      31.7      31.7      31.7 
        0      31.7       128       128       128       128       128       128       128       128       128 
        0         0       173       173       173       173       173       173       173       173       173 
        0         0       117       163       163       163       163       163       163       163       163 
        0         0       113       288       288       288       288       288       288       288       288 
        0         0         0       204       326       326       326       326       326       326       326 
        0         0         0       196       372       372       372       372       372       372       372 
        0         0         0       159       335       421       421       421       421       421       421 