
Файл Исходных Данных= D:\PROGRAMS\PROJECTS\NET_OW~2\_Mtable.prn 
Тип задачи=min 

Оптимальное суммарное значение:=     139
Число дуг:=5
Номера вершин=|10<-8<-5<-4<-1|.
Table of way:

        0         0         0         0         0         0         0         0         0         0         0 
        0        87        87        87        87        87        87        87        87        87        87 
        0      31.7      31.7      31.7      31.7      31.7      31.7      31.7      31.7      31.7      31.7 
        0      31.7      31.7      31.7      31.7      31.7      31.7      31.7      31.7      31.7      31.7 
        0         0      73.2      73.2      73.2      73.2      73.2      73.2      73.2      73.2      73.2 
        0         0      67.3      67.3      67.3      67.3      67.3      67.3      67.3      67.3      67.3 
        0         0       113       113       113       113       113       113       113       113       113 
        0         0         0       104       104       104       104       104       104       104       104 
        0         0         0       113       113       113       113       113       113       113       113 
        0         0         0       159       139       139       139       139       139       139       139 