
Формирование матриц из файлов:
(пропускных способностей)R[i,j] = d:\programs\projects\net_ow~2\example\net\test4\ex4_1\t4length.prn 
(стоимости) C[i,j] = d:\programs\projects\net_ow~2\example\net\test4\ex4_1\t4price.prn 
(интенсивностей)D[i]  = d:\programs\projects\net_ow~2\example\net\test4\ex4_1\t4intens.prn 
Тип задачи= max 
РасстановкаПометок (1) , ВыборВершины(3)

Поток ОПТИМАЛЬНЫЙ , т.к. ~D[i]=0, i=1..11

 NumberIter(ЧислоИтераций)=13 : Значение Поток{Stream}=    -209

Поток(X[1..11,1..11]):=
        0         0         0         0         0         0        12         0         0         0         8 
        0         0         0         0         0        15         0         0         0         0        15 
        0         0         0         0        17         0         0         8         0         0        15 
        0         0         0         0         0         0         0         0         3         4         3 
        0         0         0         0         0         0         0         0         0         0         0 
        0         0         0         0         0         0         0         0         0         0         0 
        0         0         0         0         0         0         0         0         0         0         0 
        0         0         0         0         0         0         0         0         0         0         0 
        0         0         0         0         0         0         0         0         0         0         0 
        0         0         0         0         0         0         0         0         0         0         0 
        0         0         0         0         0         0         0         0         0         0         0 