
Stream:
Number Iter=9         Max(Stream)= 42.0000

        0        22        10        10         0         0         0         0         0         0 
        0         0         0         8        14         0         0         0         0         0 
        0         0         0         0         0        10         0         0         0         0 
        0         0         0         0         0         2        16         0         0         0 
        0         0         0         0         0         0         5         9         0         0 
        0         0         0         0         0         0         0         0        12         0 
        0         0         0         0         0         0         0         4         3        14 
        0         0         0         0         0         0         0         0         0        13 
        0         0         0         0         0         0         0         0         0        15 
        0         0         0         0         0         0         0         0         0         0 